8
120
0000 0001 1
0000 0010 1
0000 0011 1
0000 0100 1
0000 0101 1
0000 0110 1
0000 0111 1
0000 1000 1
0000 1001 1
0000 1010 1
0000 1011 1
0000 1100 1
0000 1101 1
0000 1110 1
0000 1111 1
0001 0010 1
0001 0011 1
0001 0100 1
0001 0101 1
0001 0110 1
0001 0111 1
0001 1000 1
0001 1001 1
0001 1010 1
0001 1011 1
0001 1100 1
0001 1101 1
0001 1110 1
0001 1111 1
0010 0011 1
0010 0100 1
0010 0101 1
0010 0110 1
0010 0111 1
0010 1000 1
0010 1001 1
0010 1010 1
0010 1011 1
0010 1100 1
0010 1101 1
0010 1110 1
0010 1111 1
0011 0100 1
0011 0101 1
0011 0110 1
0011 0111 1
0011 1000 1
0011 1001 1
0011 1010 1
0011 1011 1
0011 1100 1
0011 1101 1
0011 1110 1
0011 1111 1
0100 0101 1
0100 0110 1
0100 0111 1
0100 1000 1
0100 1001 1
0100 1010 1
0100 1011 1
0100 1100 1
0100 1101 1
0100 1110 1
0100 1111 1
0101 0110 1
0101 0111 1
0101 1000 1
0101 1001 1
0101 1010 1
0101 1011 1
0101 1100 1
0101 1101 1
0101 1110 1
0101 1111 1
0110 0111 1
0110 1000 1
0110 1001 1
0110 1010 1
0110 1011 1
0110 1100 1
0110 1101 1
0110 1110 1
0110 1111 1
0111 1000 1
0111 1001 1
0111 1010 1
0111 1011 1
0111 1100 1
0111 1101 1
0111 1110 1
0111 1111 1
1000 1001 1
1000 1010 1
1000 1011 1
1000 1100 1
1000 1101 1
1000 1110 1
1000 1111 1
1001 1010 1
1001 1011 1
1001 1100 1
1001 1101 1
1001 1110 1
1001 1111 1
1010 1011 1
1010 1100 1
1010 1101 1
1010 1110 1
1010 1111 1
1011 1100 1
1011 1101 1
1011 1110 1
1011 1111 1
1100 1101 1
1100 1110 1
1100 1111 1
1101 1110 1
1101 1111 1
1110 1111 1
